38 0.500000 0.499349 1.000000 0.998698
33 0.499511 0.499349 0.999023 0.998698
33 0.823730 0.347656 0.350585 0.309896
38 0.040528 0.302735 0.081055 0.162761
38 0.095703 0.541667 0.191406 0.273437
38 0.029785 0.406901 0.055664 0.134114
38 0.161621 0.796224 0.319336 0.399740
38 0.190430 0.138672 0.320313 0.266927
38 0.343262 0.368490 0.350586 0.325521
38 0.383789 0.791667 0.289062 0.414063
38 0.386718 0.576172 0.292969 0.240886
38 0.369629 0.055989 0.165039 0.111979
38 0.378418 0.176432 0.108398 0.131511
38 0.452148 0.868489 0.166015 0.260417
38 0.504883 0.070963 0.230469 0.141927
38 0.591309 0.430990 0.354493 0.307291
38 0.593750 0.208984 0.226562 0.214844
38 0.740722 0.794271 0.516601 0.408854
38 0.691407 0.070963 0.212891 0.141927
38 0.816406 0.346354 0.347656 0.309896
38 0.809570 0.211589 0.310547 0.212239
38 0.854004 0.117839 0.219726 0.136719