17 0.86328125 0.18515625 0.2734375 0.2203125
17 0.57265625 0.11796875 0.303125 0.228125
17 0.296875 0.14140625 0.2515625 0.1234375
17 0.81328125 0.58515625 0.2078125 0.1859375
17 0.6015625 0.5671875 0.2453125 0.1890625
17 0.584375 0.4578125 0.15 0.0546875
17 0.3828125 0.54140625 0.25625 0.2046875
17 0.18203125 0.51640625 0.2109375 0.2
17 0.04375 0.50078125 0.0875 0.2015625
17 0.88359375 0.915625 0.1859375 0.16875
17 0.6765625 0.9046875 0.221875 0.190625
17 0.45546875 0.9171875 0.1953125 0.165625
17 0.45859375 0.79296875 0.1828125 0.096875
17 0.27578125 0.86953125 0.1859375 0.125
17 0.2546875 0.94453125 0.2140625 0.0921875
17 0.0953125 0.7578125 0.190625 0.1125
17 0.04921875 0.89609375 0.0984375 0.1515625
17 0.06875 0.87734375 0.1375 0.1578125
17 0.9640625 0.596875 0.071875 0.1875
17 0.87265625 0.9046875 0.2109375 0.190625