23 0.11484375 0.18984375 0.14609375 0.121875
18 0.21640625 0.2421875 0.07421875 0.059375
19 0.2703125 0.14140625 0.1578125 0.0640625
0 0.3453125 0.2171875 0.16953125 0.0921875
0 0.30625 0.22578125 0.0953125 0.06953125
0 0.39453125 0.2109375 0.0734375 0.0765625
0 0.325 0.18203125 0.08515625 0.025
14 0.37109375 0.4484375 0.11796875 0.04453125
20 0.2265625 0.565625 0.2125 0.06953125
22 0.45546875 0.60234375 0.146875 0.0859375
24 0.49453125 0.36796875 0.1203125 0.13203125
24 0.5890625 0.36484375 0.1171875 0.12421875
25 0.6921875 0.36953125 0.1328125 0.12890625
25 0.7796875 0.36875 0.115625 0.13125
16 0.7171875 0.821875 0.28515625 0.0828125
12 0.3234375 0.828125 0.1890625 0.10546875
28 0.14375 0.83515625 0.13828125 0.11171875
13 0.7375 0.51875 0.1734375 0.253125
7 0.62890625 0.115625 0.11796875 0.17421875
2 0.7140625 0.18515625 0.0859375 0.16875
17 0.56875 0.23125 0.1734375 0.08046875
21 0.8078125 0.18515625 0.08984375 0.16640625
20 0.59921875 0.5578125 0.11328125 0.1109375